Added NPCs for Quests:

Orabus the Helmsman - ovaj NPC nedostaje a treba za quest Orabus the Helmsman slain 
(quest id: 11661)

GUID: 536560
ENTRY: 32576
POSITION: 2809.685303 7089.338867 -0.467550

Shango - nedostaje za q Dreadsaber Mastery: Ready to Pounce (q ID: 12558)
GUID:572035
ENTRY: 28297
POSITION: 6357.361816 5437.004883 -38.826298

